AccelMinTrust = 0.06250
CompassMinTrust = 0.06250
AccelMaxTrust = 0.00100
CompassMaxTrust = 0.00100
AccelRefVector = 0.00000,1.00000,0.00000
CompassRefVector = 0.00000,0.00000,1.00000
OrientTareQuat = 0.00000,0.00000,0.00000,1.00000
OrientOffsetQuat = 0.00000,0.00000,0.00000,1.00000
AccelCoeff = 1.00000,0.00000,0.00000,0.00000,1.00000,0.00000,0.00000,0.00000,1.00000,0.00000,0.00000,0.00000
CompassCoeff = 1.00000,0.00000,0.00000,0.00000,1.00000,0.00000,0.00000,0.00000,1.00000,0.00000,0.00000,0.00000
GyroCoeff = 1.00000,0.00000,0.00000,0.00000,1.00000,0.00000,0.00000,0.00000,1.00000,0.00000,0.00000,0.00000
RefVectorMode = "auto"   #Accepted values: static, auto, auto continual
GyroOversampleRate = 1
AccelOversampleRate = 1
CompassOversampleRate = 1
GyroRunningAverageAlpha = 0.00000
AccelRunningAverageAlpha = 0.00000
CompassRunningAverageAlpha = 0.00000
OrientRunningAverageAlpha = 0.00000
LEDColor = 0.00000,0.00000,1.00000
AxisDirections = 0
JoystickEnabled = 0
MouseEnabled = 0
FilterMode = "kalman"   #Accepted values: imu, kalman, QCOMP, QGRAD
AccelEnabled = 1
CompassEnabled = 1
GyroEnabled = 1
AccelRange = "2G"   #Accepted values: 2G, 4G, 8G
CompassRange = "1.3Ga"   #Accepted values: 0.88Ga, 1.3Ga, 1.9Ga, 2.5Ga, 4.0Ga, 4.7Ga, 5.6Ga, 8.1Ga, on command, on startup
MIModeHomeThresh = 0.10000
MIModeBubbleThresh = 0.10000
MIModeBubbleFormThresh = 0.00010
MIModeChangeThresh = 0
MIModeFadeThresh = 0.01500
MIModeFadeCoeff = 0.50000
MIModeFadeMaxAlpha = 1.00000
